119
3 7
9 23
25 53
33 70
34 71
35 71
39 82
40 83
41 82
42 85
43 86
44 89
45 93
46 90
49 95
50 122
86 188
88 190
90 192
108 237
109 243
110 245
136 306
138 314
146 341
169 376
170 399
185 431
199 502
207 492
224 542
231 564
241 576
244 585
245 595
246 594
250 605
251 593
273 675
275 859
283 696
289 710
296 742
319 800
320 800
336 1135
338 848
340 858
378 966
388 991
410 1068
413 1092
414 1060
415 1146
434 1240
437 1131
443 1459
454 1655
475 1381
477 1247
481 1385
489 1405
497 1305
502 1336
505 1510
512 1349
513 1357
529 1925
544 1446
560 1536
583 1569
595 1630
598 1586
610 1932
624 1698
647 1760
665 2267
667 1839
675 1852
679 2366
686 1868
699 2152
700 2009
715 1993
720 2018
723 2030
729 2053
736 2080
772 2178
776 2201
778 2459
780 2157
789 2384
797 3284
802 2267
815 2313
816 2271
818 2420
827 3770
828 2342
829 2384
837 2347
849 2404
854 2422
856 2676
861 2613
873 2864
874 2495
883 2519
887 2543
908 2598
910 2589
936 2789
960 2782
963 2791
978 2784
983 2889
991 2869
995 2909
